727
0	1	0
0	2	0
0	3	0
0	4	0
0	5	0
0	6	0
0	7	0
0	8	0
0	9	0
0	10	0
0	11	0
0	12	0
0	13	0
0	14	0
0	15	0
0	15	0
0	16	0
0	17	0
0	18	0
0	19	0
0	20	0
0	21	0
0	22	0
0	23	0
0	24	0
0	25	0
0	26	0
0	27	0
0	28	0
0	29	0
0	30	0
0	31	0
0	32	0
0	33	0
0	34	0
0	35	0
0	36	0
0	37	0
0	38	0
0	38	0
0	39	0
0	40	0
0	41	0
0	42	0
0	43	0
0	44	0
0	45	0
0	46	0
0	47	0
0	48	0
0	49	0
0	50	0
0	51	0
0	52	0
0	53	0
0	54	0
0	55	0
0	56	0
0	57	0
0	58	0
0	59	0
0	60	0
0	61	0
0	62	0
0	63	0
0	64	0
0	65	0
0	66	0
0	67	0
0	68	0
0	69	0
0	70	0
0	71	0
0	72	0
0	73	0
0	74	0
0	75	0
0	76	0
0	77	0
0	78	0
0	79	0
0	80	0
0	81	0
0	82	0
0	83	0
0	84	0
0	85	0
0	86	0
0	87	0
0	88	0
0	89	0
0	90	0
0	91	0
0	92	0
0	93	1
0	94	1
0	95	1
0	96	1
0	97	1
0	98	1
0	99	1
0	100	2
0	101	2
0	102	2
0	103	3
0	104	3
0	105	3
0	106	3
0	107	3
0	108	3
0	109	3
0	110	3
0	111	3
0	112	3
0	113	3
0	114	3
0	115	3
0	116	3
0	117	4
0	118	4
0	119	4
0	120	4
0	121	4
0	122	4
0	123	4
0	124	5
0	125	6
0	126	7
0	127	4
0	128	8
129	130	9
131	132	9
133	134	9
128	135	9
1	136	10
2	137	10
3	138	10
4	139	10
5	140	10
6	141	10
7	142	10
8	143	10
9	144	10
10	145	10
11	146	10
12	147	10
13	148	10
14	149	10
15	150	10
15	150	10
16	151	10
17	152	10
18	153	10
19	154	10
20	155	10
21	156	10
22	157	10
125	158	11
159	160	11
117	161	11
118	162	11
121	163	11
122	164	11
127	165	11
129	166	11
133	167	11
128	168	11
0	169	11
170	171	11
172	173	11
174	175	11
176	177	11
178	179	11
180	181	11
182	183	11
184	185	11
93	186	11
94	186	11
95	186	11
96	186	11
97	186	11
98	186	11
99	186	11
187	188	11
189	190	11
191	192	11
193	194	11
195	196	11
197	198	11
0	199	12
200	201	13
0	202	14
0	203	15
133	204	16
205	206	16
117	207	16
118	208	16
120	209	16
121	210	16
122	211	16
123	212	16
213	214	16
215	216	16
103	217	16
104	218	16
219	217	16
115	220	16
127	221	16
128	222	16
1	223	17
2	224	17
3	225	17
4	226	17
5	227	17
6	224	17
7	224	17
8	228	17
9	229	17
10	230	17
11	224	17
12	224	17
13	230	17
14	231	17
15	232	17
15	226	17
16	223	17
17	232	17
18	232	17
19	224	17
20	229	17
21	230	17
22	230	17
23	230	17
24	226	17
25	229	17
26	233	17
27	223	17
28	223	17
29	229	17
30	234	17
31	224	17
32	230	17
33	230	17
34	232	17
35	224	17
36	226	17
37	232	17
38	226	17
38	232	17
40	230	17
41	230	17
42	230	17
43	232	17
44	235	17
45	223	17
46	229	17
47	227	17
48	236	17
49	237	17
50	230	17
51	238	17
52	227	17
53	239	17
54	223	17
55	223	17
56	223	17
57	227	17
58	226	17
59	240	17
60	223	17
61	230	17
62	229	17
63	223	17
64	223	17
65	241	17
66	241	17
67	241	17
68	242	17
69	227	17
70	243	17
71	232	17
72	230	17
73	229	17
74	223	17
75	244	17
76	230	17
77	230	17
78	230	17
79	224	17
80	245	17
81	246	17
82	227	17
83	229	17
84	229	17
85	247	17
86	230	17
87	229	17
88	230	17
89	229	17
90	227	17
91	229	17
92	230	17
0	170	18
0	172	18
0	174	18
0	176	18
0	178	18
0	180	18
0	182	19
0	184	19
170	248	20
170	249	20
170	250	20
170	251	20
172	252	20
172	253	20
172	254	20
172	255	20
172	256	20
172	257	20
174	258	20
174	259	20
174	260	20
178	261	20
178	262	20
178	263	20
178	264	20
178	265	20
178	266	20
178	267	20
180	268	20
180	269	20
180	270	20
180	271	20
180	272	20
1	273	21
2	273	21
3	273	21
4	274	21
5	275	21
6	273	21
7	273	21
8	276	21
9	273	21
10	273	21
11	273	21
12	273	21
13	273	21
14	273	21
15	275	21
15	274	21
16	273	21
17	274	21
18	274	21
19	273	21
20	273	21
21	273	21
22	273	21
23	273	21
24	275	21
25	273	21
26	273	21
27	273	21
28	273	21
29	273	21
30	273	21
31	273	21
32	273	21
33	273	21
34	274	21
35	273	21
36	275	21
37	274	21
38	275	21
38	274	21
40	273	21
41	273	21
42	273	21
43	273	21
44	274	21
45	273	21
46	273	21
47	277	21
48	273	21
49	273	21
50	273	21
51	273	21
52	277	21
53	273	21
54	273	21
55	273	21
56	273	21
57	275	21
58	274	21
59	273	21
60	273	21
61	273	21
62	273	21
63	273	21
64	273	21
65	273	21
66	273	21
67	273	21
68	274	21
69	274	21
70	273	21
71	273	21
72	273	21
73	273	21
74	273	21
75	273	21
76	273	21
77	273	21
78	273	21
79	273	21
80	273	21
81	273	21
82	275	21
83	273	21
84	273	21
85	274	21
86	273	21
87	273	21
88	273	21
89	273	21
90	273	21
91	273	21
92	278	21
1	279	22
2	280	22
3	281	22
4	282	22
5	281	22
6	283	22
7	283	22
8	284	22
9	285	22
10	286	22
11	287	22
12	288	22
13	289	22
14	290	22
15	291	22
15	291	22
16	292	22
17	293	22
18	294	22
19	285	22
20	285	22
21	289	22
22	295	22
23	296	22
24	279	22
25	287	22
26	297	22
27	284	22
28	284	22
29	298	22
30	299	22
31	300	22
32	289	22
33	301	22
34	302	22
35	303	22
36	304	22
37	304	22
38	304	22
38	304	22
40	301	22
41	289	22
42	289	22
43	301	22
44	305	22
45	306	22
46	307	22
47	308	22
48	309	22
49	310	22
50	301	22
51	311	22
52	312	22
53	313	22
54	314	22
55	315	22
56	316	22
57	317	22
58	318	22
59	319	22
60	315	22
61	320	22
62	298	22
63	314	22
64	284	22
65	321	22
66	321	22
67	321	22
68	322	22
69	323	22
70	324	22
71	301	22
72	295	22
73	325	22
74	326	22
75	327	22
76	328	22
77	295	22
78	295	22
79	329	22
80	307	22
81	330	22
82	331	22
83	332	22
84	333	22
85	334	22
86	295	22
87	298	22
88	301	22
89	285	22
90	285	22
91	285	22
92	289	22
335	336	23
337	338	23
339	340	23
341	342	23
343	344	23
345	342	23
346	347	23
348	349	23
350	351	23
352	353	23
354	355	23
356	357	23
358	344	23
359	360	23
361	362	23
363	355	23
364	360	23
365	360	23
366	367	23
368	369	23
370	371	23
372	373	23
374	375	23
376	377	23
378	369	23
379	355	23
380	381	23
382	383	23
384	385	23
386	387	23
388	389	23
390	338	23
391	344	23
392	393	23
394	395	24
396	397	24
398	399	24
400	401	24
402	403	24
404	405	24
406	407	24
408	409	24
410	411	24
412	413	24
414	415	24
416	417	24
418	419	24
420	421	24
422	423	24
424	425	24
426	427	24
428	429	24
430	431	24
432	433	24
434	435	24
436	437	24
438	439	24
440	441	24
442	443	24
444	445	24
446	447	24
448	449	24
450	451	24
452	453	24
454	455	24
456	457	24
458	459	24
460	461	24
462	463	24
464	465	24
466	467	24
468	469	24
470	471	24
472	473	24
474	475	24
476	477	24
478	479	24
480	481	24
482	483	24
484	485	24
486	487	24
488	489	24
490	491	24
492	493	24
494	495	24
496	497	24
498	499	24
500	501	24
502	503	24
504	505	24
506	499	24
507	508	24
509	510	24
511	512	24
513	514	24
515	516	24
517	518	24
519	520	24
521	522	24
523	524	24
126	525	24
526	527	24
528	529	24
530	531	24
532	533	24
534	535	24
536	537	24
538	539	24
540	541	24
542	543	24
544	545	24
546	547	24
548	549	24
550	550	24
551	551	24
552	552	24
553	553	24
554	554	24
555	555	24
556	556	24
557	557	24
558	559	24
560	561	24
562	562	24
563	563	24
564	565	24
566	567	24
568	568	24
569	570	24
571	571	24
572	573	24
574	574	24
575	576	24
577	578	24
579	580	24
581	582	24
583	584	24
585	586	24
587	587	24
588	589	24
590	590	24
591	592	24
593	593	24
594	595	24
596	597	24
598	599	24
600	601	24
602	603	24
604	605	24
606	606	24
607	608	24
609	610	24
611	612	24
613	614	24
615	616	24
617	618	24
619	620	24
621	622	24
623	623	24
624	625	24
626	627	24
628	629	24
630	631	24
632	633	24
634	635	24
636	637	24
96	638	24
639	640	24
641	642	24
643	644	24
645	646	24
94	647	24
648	649	24
650	651	24
652	653	24
654	655	24
656	657	24
658	659	24
660	483	24
661	662	24
663	664	24
95	665	24
666	667	24
668	669	24
97	670	24
671	672	24
673	674	24
93	675	24
676	677	24
678	679	24
629	629	24
631	631	24
680	681	24
682	683	24
684	685	24
686	580	24
687	688	24
689	690	24
691	692	24
693	694	24
695	696	24
697	692	24
698	692	24
699	700	24
701	702	24
703	550	24